1.266990873410017215e+01
1.250524075018670800e+01
1.235039236649088323e+01
1.220449043439763592e+01
1.206675109059331241e+01
1.193647563665424016e+01
1.181304397057355970e+01
1.169590073461679403e+01
1.158455174756761430e+01
1.147855465416238729e+01
1.137750847778814034e+01
1.128781971313951615e+01
1.122279164524062978e+01
1.117140261412691871e+01
1.114488749629712316e+01
1.114924832346979144e+01
1.118545931246204361e+01
1.125352995540746193e+01
1.135263892150298304e+01
1.148122470921088123e+01
1.163704986981596790e+01
1.181728357040869071e+01
1.201858684820033218e+01
1.222899514844220903e+01
1.242470706376800038e+01
1.260721197756636514e+01
1.277881256545626343e+01
1.294113133973145935e+01
1.309529454149146233e+01
1.324211066419456628e+01
1.338218754859654425e+01
1.351603541614606385e+01
1.364413139706250888e+01
1.376698655716142738e+01
1.388520008503648029e+01
1.399954372976226580e+01
1.411097448051112480e+01
1.422011069322036292e+01
1.432706678301840242e+01
1.443190181547228690e+01
1.453466846781434896e+01
1.463542826318519730e+01
1.473422506433038848e+01
1.483110597282593801e+01
1.492611683929983712e+01
1.501930385955686376e+01
1.511070320206337669e+01
1.520036443858841579e+01
1.528832167857156321e+01
1.537461588440515214e+01
1.545928453847355399e+01
1.554236493143905307e+01
1.562389100001201570e+01
1.570390478051561445e+01
1.578243015454860654e+01
1.585951121691693544e+01
1.593517500204747961e+01
1.600944775589507429e+01
1.608237201886132084e+01
1.615397092977340776e+01
1.622427900600121831e+01
1.629331686475963181e+01
1.636111825375048312e+01
1.642770939240822514e+01
1.649311133969266052e+01
1.655735909616830526e+01
1.662047552773884718e+01
1.668248224134965341e+01
1.674340679508652130e+01
1.680326359290603477e+01
1.686208603996843181e+01
1.691989272497053776e+01
1.697669777218467146e+01
1.703253380313238807e+01
1.708741705328750982e+01
1.714136563254965751e+01
1.719440069703446028e+01
1.724653743060139277e+01
1.729779846440415980e+01
1.734819851622262377e+01
1.739775637874426906e+01
1.744649112423143578e+01
1.749441634235464704e+01
1.754155184547192192e+01
1.758790848515221228e+01
1.763350847868406390e+01
1.767835856651971937e+01
1.772248036754886158e+01
1.776588535669996816e+01
1.780859081294343582e+01
1.785060299986708543e+01
1.789194270978891410e+01
1.793261762726270092e+01
1.797264173399931053e+01
1.801203165953829455e+01
1.805079623062179905e+01
1.808894108979029625e+01
1.812648628461673894e+01
1.816344657724434342e+01
1.819982674264989697e+01
1.823562725400987006e+01
1.827087430008598545e+01
1.830557342135247723e+01
1.833973405862466421e+01
1.837336452471486581e+01
1.840647721271999870e+01
1.843907812652311407e+01
1.847117403449357198e+01
1.850278354773996625e+01
1.853391171809310833e+01
1.856456450476186149e+01
1.859474403609655724e+01
1.862447119791823269e+01
1.865374583959589216e+01
1.868258029140164211e+01
