1.465061399956181631e+01
1.430680983762548308e+01
1.398781757464731967e+01
1.369130369333151975e+01
1.341520499553164569e+01
1.315768452214471651e+01
1.291711156664707616e+01
1.269201884936651936e+01
1.248109601432591731e+01
1.228316284939047165e+01
1.209716156915364138e+01
1.192213301652995128e+01
1.175721041369395792e+01
1.160160796779489445e+01
1.145461830770775080e+01
1.131559247012550529e+01
1.118394591062701693e+01
1.105913953098979619e+01
1.094068838776005492e+01
1.082814619155992730e+01
1.072110265104602078e+01
1.061918580630319298e+01
1.052205307943379253e+01
1.042939086871587762e+01
1.034091064115298408e+01
1.025634397151737431e+01
1.017544722965727289e+01
1.009799406605914385e+01
1.002377600459743689e+01
9.952603311868482905e+00
9.884290604038117323e+00
9.818678081941627056e+00
9.755607459983615115e+00
9.694940667815842517e+00
9.636543018451078524e+00
9.580291358737106577e+00
9.526071599107979182e+00
9.473773772778919522e+00
9.423303217752184935e+00
9.374561174083076764e+00
9.327463522560634601e+00
9.281927814497954898e+00
9.237877878271333998e+00
9.195242022785777181e+00
9.153950876790922564e+00
9.113942870420274289e+00
9.075158733269297784e+00
9.037544913132059321e+00
9.001043970108604242e+00
8.965608406995215773e+00
8.931191720783203891e+00
8.897750074143303323e+00
8.865244143248972364e+00
8.833628364767868391e+00
8.802872061731910946e+00
8.772937221640297878e+00
8.743788068211571840e+00
8.715396542732847252e+00
8.687735012325603634e+00
8.660768032699948549e+00
8.634474157927627402e+00
8.608826996378574847e+00
8.583800556208991850e+00
8.559372674402595749e+00
8.535521435634620957e+00
8.512225018393664300e+00
8.489465415716125563e+00
8.467221019866691734e+00
8.445476093360696268e+00
8.424212001061029298e+00
8.403413047219778775e+00
8.383062151244118354e+00
8.363146012056731138e+00
8.343649002746360566e+00
8.324558038848351771e+00
8.305859620574516100e+00
8.287541415924685850e+00
8.269590366030392659e+00
8.251996789801673060e+00
8.234747321428571354e+00
8.217831752583791172e+00
8.201243629450402750e+00
8.184968437026967081e+00
8.168998333317773586e+00
8.153324084549673501e+00
8.137938650719014788e+00
8.122831283232009980e+00
8.107995933038843361e+00
8.093424099024048246e+00
8.079106484568477242e+00
8.065041062791529214e+00
8.051215662536300499e+00
8.037627157816302770e+00
8.024266254348063399e+00
8.011127814819921866e+00
7.998207142492475441e+00
7.985499395203667916e+00
7.972997122074971799e+00
7.960693856417762504e+00
7.948585816191553022e+00
7.936668874987070410e+00
7.924939024276213217e+00
7.913387721815063003e+00
7.902014089024177679e+00
7.890810609140913812e+00
7.879778086183002017e+00
7.868907582832633807e+00
7.858196813546186377e+00
7.847642868109232950e+00
7.837242715520247316e+00
7.826989556696766215e+00
7.816881752713840115e+00
7.806918152984323456e+00
7.797090684871122335e+00
7.787401083788104472e+00
